34 2
1 -0.1714985851425086 -0.17149858514250887
2 -0.15547632673760794 -0.09814325632551658
3 0.08178077019728913 0.21491476197050408
4 -0.04623164362775569 -0.04992468916962582
5 -0.0464938590945978 -0.009432955566270163
6 -0.10459877952516584 -0.09031631748848848
7 0.14637562856725642 -0.00764232050694625
8 -0.242674271436372 -0.03660389221910139
9 -0.0890532375813783 0.12154887768687556
10 -0.056365984639595426 0.41140943127878354
11 0.07140223151795308 -0.07089077332123349
12 0.003450857029113524 -0.2686822931368027
13 0.0020350891987376395 -0.008299677755641634
14 0.041521922613263186 0.0034561313320067874
15 -0.04573185398569722 0.046809799473415147
16 -0.02297888183126836 0.054466781729836246
17 0.004019847160088923 0.002418555447679624
18 -0.04505372850460935 0.08690629713399256
19 -0.01689337675865013 -0.13982871649100784
20 -0.04221016069210739 -0.13925183874150948
21 -0.09635846977517393 0.13026682417914684
22 0.12052575601528141 -0.18336915257320924
23 -0.04027948180876435 -0.05127200561961762
24 0.012804835562487063 0.012401542718618772
25 -0.015998957914987844 -0.010360861188339551
26 0.0011114856924169631 -0.0022214036732470894
27 -0.000466121960363514 0.0012296931826958572
28 1.5100472624521975e-16 -4.091587379674986e-16
29 -1.8567073570085438e-16 -3.2249339896341727e-16
30 9.826378017839216e-17 2.668282306280532e-16
31 6.499336280209285e-17 8.185960804304164e-17
32 -4.699851484361315e-17 2.5865263602482615e-16
33 4.960202055889604e-17 3.769633918619709e-17
34 1.6684899562408403e-16 -1.1160995016537062e-16
