1.780907440185546875e+01 2.160968780517578125e+01
1.777614021301269531e+01 2.149909400939941406e+01
1.774001884460449219e+01 2.137451934814453125e+01
1.769482231140136719e+01 2.122714805603027344e+01
1.761627197265625000e+01 2.096350097656250000e+01
1.753848266601562500e+01 2.069934654235839844e+01
1.751033592224121094e+01 2.060305976867675781e+01
1.743229103088378906e+01 2.032339477539062500e+01
1.738841056823730469e+01 2.017711639404296875e+01
1.733273315429687500e+01 1.996601295471191406e+01
1.726945495605468750e+01 1.978488922119140625e+01
1.722955703735351562e+01 1.959604454040527344e+01
1.721681404113769531e+01 1.954991722106933594e+01
1.710108757019042969e+01 1.913086318969726562e+01
1.710590171813964844e+01 1.914541053771972656e+01
1.698352622985839844e+01 1.870814704895019531e+01
1.703426170349121094e+01 1.890031814575195312e+01
1.692543411254882812e+01 1.856053924560546875e+01
1.684267807006835938e+01 1.818243217468261719e+01
1.689859390258789062e+01 1.842834091186523438e+01
1.670815658569335938e+01 1.788829231262207031e+01
1.654788589477539062e+01 1.739215660095214844e+01
1.666190147399902344e+01 1.755541419982910156e+01
1.652217674255371094e+01 1.709921264648437500e+01
1.660061645507812500e+01 1.765479660034179688e+01
1.620598030090332031e+01 1.675882148742675781e+01
1.604411506652832031e+01 1.656894302368164062e+01
1.652771186828613281e+01 1.649335479736328125e+01
1.641708946228027344e+01 1.616378402709960938e+01
1.655663490295410156e+01 1.661386680603027344e+01
1.634293174743652344e+01 1.598295593261718750e+01
1.604899024963378906e+01 1.658538818359375000e+01
1.573846244812011719e+01 1.547850513458251953e+01
1.579560470581054688e+01 1.573375606536865234e+01
1.555227184295654297e+01 1.499852371215820312e+01
1.590749645233154297e+01 1.618728446960449219e+01
1.580057716369628906e+01 1.477106666564941406e+01
1.598072814941406250e+01 1.533781623840332031e+01
1.631131553649902344e+01 1.591109943389892578e+01
1.559303474426269531e+01 1.427487659454345703e+01
1.605302047729492188e+01 1.531883335113525391e+01
1.562834453582763672e+01 1.429942035675048828e+01
1.539186382293701172e+01 1.457766437530517578e+01
1.541312122344970703e+01 1.462346267700195312e+01
1.580472373962402344e+01 1.475961589813232422e+01
1.534273433685302734e+01 1.395276641845703125e+01
1.536435127258300781e+01 1.403096103668212891e+01
1.537044811248779297e+01 1.415952491760253906e+01
1.535249423980712891e+01 1.398243713378906250e+01
1.461158752441406250e+01 1.185214328765869141e+01
1.423576641082763672e+01 1.076554489135742188e+01
1.394129180908203125e+01 9.919838905334472656e+00
1.374269676208496094e+01 9.773290634155273438e+00
1.425770854949951172e+01 1.081342315673828125e+01
1.406595516204833984e+01 9.683435440063476562e+00
1.355047035217285156e+01 9.447451591491699219e+00
1.360665607452392578e+01 9.608626365661621094e+00
1.344682121276855469e+01 8.923372268676757812e+00
1.344513034820556641e+01 8.917748451232910156e+00
1.407578754425048828e+01 9.388294219970703125e+00
1.366594982147216797e+01 8.746627807617187500e+00
1.408975410461425781e+01 9.503091812133789062e+00
1.371302890777587891e+01 8.768344879150390625e+00
1.387745952606201172e+01 8.881092071533203125e+00
1.408513641357421875e+01 1.033283233642578125e+01
1.307926750183105469e+01 7.154890060424804688e+00
1.350576782226562500e+01 9.350193023681640625e+00
1.314706039428710938e+01 7.766935825347900391e+00
1.239928817749023438e+01 6.217477798461914062e+00
1.304392242431640625e+01 7.623085498809814453e+00
1.273506546020507812e+01 7.362365722656250000e+00
1.260410499572753906e+01 6.517009258270263672e+00
1.200091934204101562e+01 5.641546726226806641e+00
1.244689464569091797e+01 6.650886058807373047e+00
1.256458282470703125e+01 7.027459621429443359e+00
1.220863723754882812e+01 5.299518585205078125e+00
1.158288192749023438e+01 4.438455104827880859e+00
1.169271755218505859e+01 4.982206821441650391e+00
1.070138454437255859e+01 2.678569316864013672e+00
1.264672183990478516e+01 7.221812248229980469e+00
1.181223678588867188e+01 4.563207626342773438e+00
1.309012031555175781e+01 7.228019237518310547e+00
1.313570976257324219e+01 7.718763351440429688e+00
1.222002124786376953e+01 5.746982574462890625e+00
1.024539375305175781e+01 2.086139440536499023e+00
1.150749111175537109e+01 4.510574817657470703e+00
1.138769626617431641e+01 3.970346689224243164e+00
7.820433616638183594e+00 -1.913756251335144043e+00
1.189463710784912109e+01 4.845314502716064453e+00
9.890375137329101562e+00 1.257832765579223633e+00
1.186551570892333984e+01 5.431543350219726562e+00
1.065558242797851562e+01 2.610179662704467773e+00
9.952615737915039062e+00 1.798195838928222656e+00
1.000161170959472656e+01 1.875309824943542480e+00
8.200598716735839844e+00 -1.399014115333557129e+00
9.320799827575683594e+00 3.298905491828918457e-01
9.225615501403808594e+00 2.268624603748321533e-01
8.613373756408691406e+00 -1.071085453033447266e+00
1.049970912933349609e+01 2.320895671844482422e+00
8.893347740173339844e+00 -8.282464146614074707e-01
1.099233913421630859e+01 3.256895542144775391e+00
8.670395851135253906e+00 -3.067772686481475830e-01
9.100535392761230469e+00 -4.774572849273681641e-01
5.910246849060058594e+00 -4.792674541473388672e+00
1.298334407806396484e+01 6.829622745513916016e+00
1.159406185150146484e+01 4.355918407440185547e+00
8.645174980163574219e+00 -3.258579373359680176e-01
8.905606269836425781e+00 -8.048155307769775391e-01
6.892163276672363281e+00 -3.196607828140258789e+00
1.038846206665039062e+01 1.658257246017456055e+00
9.884255409240722656e+00 1.292428016662597656e+00
1.128116226196289062e+01 3.791754484176635742e+00
1.046256828308105469e+01 2.080383539199829102e+00
5.777713298797607422e+00 -4.168578624725341797e+00
1.285864543914794922e+01 6.638457298278808594e+00
8.486043930053710938e+00 -5.552666783332824707e-01
9.850245475769042969e+00 1.333421111106872559e+00
7.330463409423828125e+00 -2.590118169784545898e+00
6.379645347595214844e+00 -4.238972663879394531e+00
8.286311149597167969e+00 -1.252532839775085449e+00
7.025635242462158203e+00 -3.015529632568359375e+00
8.333414077758789062e+00 -1.099389195442199707e+00
6.404714107513427734e+00 -3.718788146972656250e+00
1.015702342987060547e+01 1.319014787673950195e+00
6.047385215759277344e+00 -3.868762731552124023e+00
7.120060920715332031e+00 -2.881927013397216797e+00
1.104936790466308594e+01 3.345142602920532227e+00
8.424966812133789062e+00 -6.595670580863952637e-01
1.038659286499023438e+01 1.662121415138244629e+00
5.376861572265625000e+00 -5.121587276458740234e+00
7.360762119293212891e+00 -2.548691034317016602e+00
5.635756015777587891e+00 -4.322329998016357422e+00
1.231768512725830078e+01 5.666286945343017578e+00
7.376433849334716797e+00 -2.525370121002197266e+00
7.626296997070312500e+00 -2.188022136688232422e+00
5.938406467437744141e+00 -4.755920410156250000e+00
6.535573482513427734e+00 -3.936798095703125000e+00
6.301131248474121094e+00 -4.317750453948974609e+00
9.128413200378417969e+00 -2.676081657409667969e-01
6.213360786437988281e+00 -3.764526844024658203e+00
5.794169902801513672e+00 -4.886660099029541016e+00
4.733296394348144531e+00 -5.570488929748535156e+00
5.271401882171630859e+00 -4.839871406555175781e+00
1.318612813949584961e+00 -8.515047073364257812e+00
9.036030769348144531e+00 -2.992511540651321411e-02
1.211765098571777344e+01 5.185889244079589844e+00
2.983738899230957031e+00 -7.196974277496337891e+00
1.749110817909240723e+00 -8.132411003112792969e+00
1.928108453750610352e+00 -7.882654666900634766e+00
2.292019367218017578e+00 -7.970999717712402344e+00
-2.029839897155761719e+01 -1.326768684387207031e+01
-1.622767639160156250e+01 -1.387169933319091797e+01
-1.738101005554199219e+01 -1.371062374114990234e+01
-1.212242794036865234e+01 -1.319556331634521484e+01
-2.162507438659667969e+01 -1.346353244781494141e+01
-5.845213413238525391e+00 -1.226833057403564453e+01
-1.905353164672851562e+01 -1.364642906188964844e+01
-5.919902801513671875e+00 -1.202274322509765625e+01
-6.486933231353759766e+00 -1.257473087310791016e+01
-6.002080440521240234e+00 -1.197574806213378906e+01
-1.930759048461914062e+01 -1.361075878143310547e+01
-9.120167732238769531e+00 -1.297534847259521484e+01
-1.568037414550781250e+01 -1.391748142242431641e+01
-1.323383808135986328e+01 -1.341960334777832031e+01
-8.680430412292480469e+00 -1.287370395660400391e+01
-1.084800434112548828e+01 -1.327704620361328125e+01
-1.620734405517578125e+01 -1.348578453063964844e+01
1.084696531295776367e+00 -8.762028694152832031e+00
-1.608568763732910156e+01 -1.345574951171875000e+01
4.702428728342056274e-02 -9.532688140869140625e+00
-2.031412315368652344e+01 -1.381316852569580078e+01
-2.125264739990234375e+01 -1.320678424835205078e+01
-1.513408565521240234e+01 -1.343464088439941406e+01
-2.009254455566406250e+01 -1.333838653564453125e+01
-3.038314580917358398e+00 -1.101791763305664062e+01
-1.222984313964843750e+01 -1.363767147064208984e+01
-2.092478370666503906e+01 -1.380811977386474609e+01
-6.352897644042968750e+00 -1.255872535705566406e+01
-9.221189498901367188e+00 -1.299777603149414062e+01
-3.734552562236785889e-01 -9.712060928344726562e+00
-5.141987800598144531e+00 -1.190104103088378906e+01
-6.457769274711608887e-01 -9.802828788757324219e+00
-2.072595596313476562e+01 -1.322273635864257812e+01
-2.294710159301757812e+01 -1.316637229919433594e+01
-1.274238204956054688e+01 -1.361986064910888672e+01
-2.281467437744140625e+01 -1.319419384002685547e+01
-1.149238586425781250e+01 -1.314498424530029297e+01
-4.519674301147460938e+00 -1.174061203002929688e+01
-1.355821895599365234e+01 -1.356793403625488281e+01
-9.881316184997558594e+00 -1.312001991271972656e+01
-4.098743796348571777e-01 -9.535733222961425781e+00
-2.083785438537597656e+01 -1.382042121887207031e+01
-3.876090526580810547e+00 -1.138576030731201172e+01
5.491459369659423828e+00 -4.460800647735595703e+00
-1.553682327270507812e+01 -1.392778110504150391e+01
-1.470944404602050781e+01 -1.368902111053466797e+01
-1.805024147033691406e+01 -1.367770385742187500e+01
-6.396353721618652344e+00 -1.256543827056884766e+01
-8.332717895507812500e+00 -1.279684448242187500e+01
-2.137972450256347656e+01 -1.376325798034667969e+01
-1.510239219665527344e+01 -1.390086460113525391e+01
-7.506102085113525391e+00 -1.259864425659179688e+01
-2.430302810668945312e+01 -1.340041637420654297e+01
-1.262653732299804688e+01 -1.333156776428222656e+01
-1.144505119323730469e+01 -1.315486621856689453e+01
-2.144885253906250000e+01 -1.373011779785156250e+01
-9.533160209655761719e+00 -1.313016891479492188e+01
-2.448761940002441406e+01 -1.351840114593505859e+01
-1.774509811401367188e+01 -1.368964767456054688e+01
-6.618437767028808594e+00 -1.214602947235107422e+01
-2.328264427185058594e+01 -1.332651996612548828e+01
-1.647180199623107910e+00 -1.034571647644042969e+01
-2.085900497436523438e+01 -1.381415271759033203e+01
-6.533601760864257812e+00 -1.208235073089599609e+01
-1.322591876983642578e+01 -1.365763378143310547e+01
-2.414573669433593750e+01 -1.332213306427001953e+01
-1.731019973754882812e+01 -1.368773746490478516e+01
1.534024000167846680e+00 -8.432850837707519531e+00
1.480358988046646118e-01 -9.487728118896484375e+00
-1.546401596069335938e+01 -1.392914295196533203e+01
-9.612267494201660156e+00 -1.297226238250732422e+01
2.223380804061889648e+00 -8.086753845214843750e+00
-1.557972431182861328e+01 -1.340270805358886719e+01
-2.253811836242675781e+01 -1.333656692504882812e+01
-1.221306705474853516e+01 -1.363554859161376953e+01
-2.433203315734863281e+01 -1.342197799682617188e+01
-5.981140613555908203e+00 -1.238788223266601562e+01
-1.129737758636474609e+01 -1.344439411163330078e+01
-2.033018112182617188e+01 -1.381620788574218750e+01
-2.104115486145019531e+01 -1.320588970184326172e+01
-7.956072330474853516e+00 -1.270796680450439453e+01
-1.969573783874511719e+01 -1.363385391235351562e+01
-2.364769363403320312e+01 -1.317616367340087891e+01
-1.172558307647705078e+01 -1.364149951934814453e+01
-1.194646739959716797e+01 -1.317464923858642578e+01
-2.490908050537109375e+01 -1.392061519622802734e+01
-1.167350387573242188e+01 -1.363684749603271484e+01
2.546750068664550781e+00 -7.578522205352783203e+00
-1.341406631469726562e+01 -1.357826042175292969e+01
-1.467151165008544922e+00 -1.025080585479736328e+01
-4.650397300720214844e+00 -1.164761924743652344e+01
-4.281714916229248047e+00 -1.149827957153320312e+01
-2.060820579528808594e+01 -1.323351669311523438e+01
-1.349140262603759766e+01 -1.355195045471191406e+01
-2.331976318359375000e+01 -1.327537059783935547e+01
-2.191218948364257812e+01 -1.342936229705810547e+01
-8.757271766662597656e+00 -1.289023303985595703e+01
5.269404888153076172e+00 -5.144316673278808594e+00
-2.365501403808593750e+01 -1.315963745117187500e+01
-1.548875236511230469e+01 -1.340048789978027344e+01
-4.716134548187255859e+00 -1.169610118865966797e+01
-1.984946250915527344e+01 -1.358082962036132812e+01
-2.129672050476074219e+01 -1.318775653839111328e+01
-2.221504783630371094e+01 -1.338420391082763672e+01
-7.089345932006835938e+00 -1.250716590881347656e+01
-1.521211743354797363e+00 -1.027343177795410156e+01
-2.007155799865722656e+01 -1.375453186035156250e+01
-2.494021415710449219e+00 -1.076466083526611328e+01
-1.005359268188476562e+01 -1.315707874298095703e+01
-2.389134216308593750e+01 -1.326934719085693359e+01
-2.316046953201293945e+00 -1.067954540252685547e+01
-1.130980873107910156e+01 -1.347798252105712891e+01
-3.737569093704223633e+00 -1.133072566986083984e+01
-3.134260892868041992e+00 -1.105995845794677734e+01
2.513259649276733398e+00 -7.592899799346923828e+00
3.211519122123718262e-01 -9.345960617065429688e+00
-8.810076713562011719e-01 -9.932545661926269531e+00
3.196578502655029297e+00 -7.012774944305419922e+00
9.716634750366210938e-01 -8.837895393371582031e+00
-2.271352195739746094e+01 -1.337556171417236328e+01
1.953354597091674805e+00 -8.306859016418457031e+00
-1.713447189331054688e+01 -1.370100498199462891e+01
-3.456321239471435547e+00 -1.120737361907958984e+01
2.041053324937820435e-01 -9.097289085388183594e+00
-1.486789894104003906e+01 -1.364236927032470703e+01
-1.262319374084472656e+01 -1.332837104797363281e+01
-2.110427856445312500e+00 -1.057662010192871094e+01
1.617697067558765411e-02 -9.208803176879882812e+00
-1.039521312713623047e+01 -1.322182178497314453e+01
-6.946385383605957031e+00 -1.248345088958740234e+01
-5.961022377014160156e-01 -9.771531105041503906e+00
-2.455705261230468750e+01 -1.357690143585205078e+01
1.959552168846130371e+00 -7.861351966857910156e+00
-1.641956710815429688e+01 -1.372691154479980469e+01
6.748278617858886719e+00 -3.385420560836791992e+00
-1.487797832489013672e+01 -1.359581947326660156e+01
-6.594790458679199219e+00 -1.212432098388671875e+01
-1.988256931304931641e+00 -1.051405811309814453e+01
-9.608006477355957031e+00 -1.309080410003662109e+01
8.974246978759765625e-01 -8.861153602600097656e+00
-1.692554092407226562e+01 -1.371384334564208984e+01
4.263583123683929443e-01 -9.201241493225097656e+00
-2.809687376022338867e+00 -1.091060924530029297e+01
-1.609030532836914062e+01 -1.391862678527832031e+01
-5.604720115661621094e+00 -1.208482360839843750e+01
5.278222084045410156e+00 -4.788148403167724609e+00
2.539399862289428711e+00 -7.593576908111572266e+00
-4.179698944091796875e+00 -1.156025314331054688e+01
-3.649539947509765625e+00 -1.128635787963867188e+01
4.813889503479003906e+00 -5.506221294403076172e+00
