-3.067498016357421875e+01 1.093752288818359375e+01
-3.056872177124023438e+01 1.089603900909423828e+01
-3.038628768920898438e+01 1.082304000854492188e+01
-3.020762634277343750e+01 1.075295639038085938e+01
-3.002817916870117188e+01 1.068219375610351562e+01
-2.985773849487304688e+01 1.061512756347656250e+01
-2.971290206909179688e+01 1.055988597869873047e+01
-2.935132598876953125e+01 1.041757202148437500e+01
-2.916364860534667969e+01 1.034449863433837891e+01
-2.897785186767578125e+01 1.027366733551025391e+01
-2.875443267822265625e+01 1.018387985229492188e+01
-2.870783424377441406e+01 1.016490936279296875e+01
-2.850492095947265625e+01 1.008718585968017578e+01
-2.836902618408203125e+01 1.003014945983886719e+01
-2.798400878906250000e+01 9.879801750183105469e+00
-2.781299972534179688e+01 9.808176994323730469e+00
-2.761532974243164062e+01 9.730851173400878906e+00
-2.761273574829101562e+01 9.728889465332031250e+00
-2.732986640930175781e+01 9.614899635314941406e+00
-2.733715248107910156e+01 9.619106292724609375e+00
-2.684995079040527344e+01 9.430755615234375000e+00
-2.724419403076171875e+01 9.580956459045410156e+00
-2.633480072021484375e+01 9.235631942749023438e+00
-2.620213317871093750e+01 9.189106941223144531e+00
-2.593616104125976562e+01 9.078590393066406250e+00
-2.579613685607910156e+01 9.093425750732421875e+00
-2.565679740905761719e+01 8.831675529479980469e+00
-2.571326065063476562e+01 8.848975181579589844e+00
-2.573038482666015625e+01 9.108696937561035156e+00
-2.533883285522460938e+01 8.957946777343750000e+00
-2.516707611083984375e+01 8.722637176513671875e+00
-2.456520652770996094e+01 8.622206687927246094e+00
-2.467410850524902344e+01 8.408779144287109375e+00
-2.442388534545898438e+01 8.256071090698242188e+00
-2.430920791625976562e+01 8.600872039794921875e+00
-2.495191955566406250e+01 8.704247474670410156e+00
-2.387649154663085938e+01 8.442795753479003906e+00
-2.387815475463867188e+01 8.443386077880859375e+00
-2.399385643005371094e+01 8.506264686584472656e+00
-2.345161247253417969e+01 7.964089393615722656e+00
-2.423587799072265625e+01 8.126393318176269531e+00
-2.249152755737304688e+01 7.605746746063232422e+00
-2.188424491882324219e+01 7.371643543243408203e+00
-2.061948776245117188e+01 6.866985321044921875e+00
-2.345370674133300781e+01 8.125054359436035156e+00
-2.026183891296386719e+01 6.620113849639892578e+00
-2.080516624450683594e+01 6.939736843109130859e+00
-2.049913406372070312e+01 6.802625179290771484e+00
-2.039857101440429688e+01 6.767022132873535156e+00
-1.909201049804687500e+01 6.081840515136718750e+00
-1.894480323791503906e+01 6.319554328918457031e+00
-1.980640029907226562e+01 6.541661739349365234e+00
-1.806538200378417969e+01 6.155700683593750000e+00
-1.880766868591308594e+01 5.878094196319580078e+00
-1.837593269348144531e+01 6.304041862487792969e+00
-1.845153617858886719e+01 6.312691688537597656e+00
-1.862933731079101562e+01 5.786181926727294922e+00
-1.875521469116210938e+01 6.329473972320556641e+00
-1.996857833862304688e+01 6.600716590881347656e+00
-1.842766380310058594e+01 5.712272167205810547e+00
-1.531795692443847656e+01 4.755523204803466797e+00
-1.678168106079101562e+01 5.354943275451660156e+00
-2.311993980407714844e+01 7.884073734283447266e+00
-2.022259140014648438e+01 6.835683345794677734e+00
-2.080032348632812500e+01 6.937078475952148438e+00
-1.587255191802978516e+01 4.982543945312500000e+00
-1.337611293792724609e+01 4.154639720916748047e+00
-1.282118797302246094e+01 3.757940769195556641e+00
-1.340569496154785156e+01 4.167159557342529297e+00
-1.329252719879150391e+01 3.821606874465942383e+00
-1.206953716278076172e+01 3.369361877441406250e+00
-1.280041885375976562e+01 3.726340293884277344e+00
-1.161428928375244141e+01 2.979301452636718750e+00
-1.187866592407226562e+01 3.467826128005981445e+00
-1.668281173706054688e+01 5.314918041229248047e+00
-1.089212989807128906e+01 2.894397735595703125e+00
-1.108460330963134766e+01 2.902894973754882812e+00
-1.002298545837402344e+01 2.551021099090576172e+00
-1.021684360504150391e+01 2.636377811431884766e+00
-1.112884712219238281e+01 3.176921367645263672e+00
-1.121839427947998047e+01 3.295859336853027344e+00
-1.412466812133789062e+01 4.259650707244873047e+00
-2.284982872009277344e+01 7.766541481018066406e+00
-1.632060241699218750e+01 5.160931587219238281e+00
-1.762242507934570312e+01 5.678846836090087891e+00
-9.176898956298828125e+00 2.210469484329223633e+00
-2.389141273498535156e+01 7.986870765686035156e+00
-1.628543281555175781e+01 5.147292613983154297e+00
-7.479717254638671875e+00 1.435371279716491699e+00
-1.144334602355957031e+01 2.896130800247192383e+00
-6.610554695129394531e+00 1.191092491149902344e+00
-6.617930412292480469e+00 9.892883896827697754e-01
-6.979803562164306641e+00 1.350303173065185547e+00
-1.180685710906982422e+01 3.455464601516723633e+00
-5.767768383026123047e+00 7.861638665199279785e-01
-7.007276535034179688e+00 1.251019239425659180e+00
-1.742370986938476562e+01 5.617379188537597656e+00
-4.420323848724365234e+00 1.773664169013500214e-02
-4.965241432189941406e+00 3.007972836494445801e-01
-5.206911563873291016e+00 4.423786997795104980e-01
-6.031364917755126953e+00 1.031495928764343262e+00
-5.970131397247314453e+00 7.452277541160583496e-01
-5.306056499481201172e+00 5.002719163894653320e-01
-6.287359714508056641e+00 7.743448019027709961e-01
-3.655994892120361328e+00 -4.167367517948150635e-01
-1.419924354553222656e+01 4.294964313507080078e+00
-1.452583980560302734e+01 4.446210384368896484e+00
-2.321566581726074219e+01 7.910611629486083984e+00
-3.890360355377197266e+00 -2.789050340652465820e-01
-2.507118582725524902e-01 -2.397091388702392578e+00
-3.271523118019104004e-01 -2.160149574279785156e+00
-2.679766714572906494e-01 -2.225189208984375000e+00
-1.144882440567016602e+00 -1.908455610275268555e+00
-9.035081863403320312e+00 2.151411771774291992e+00
-1.580691623687744141e+01 4.956074237823486328e+00
-1.241396617889404297e+01 3.414938449859619141e+00
-7.698618412017822266e+00 1.624291300773620605e+00
9.113876819610595703e-01 -3.478551864624023438e+00
7.218030095100402832e-01 -3.284839391708374023e+00
1.868073344230651855e+00 -4.314863204956054688e+00
6.916558742523193359e-01 -3.197816371917724609e+00
-2.324284172058105469e+01 7.910569190979003906e+00
2.788897275924682617e+00 -5.283615112304687500e+00
1.472545146942138672e+00 -3.700452804565429688e+00
4.375443980097770691e-02 -2.700646400451660156e+00
-6.484088301658630371e-01 -2.552377462387084961e+00
1.273978352546691895e+00 -3.536596775054931641e+00
1.661645174026489258e+00 -4.157186985015869141e+00
-1.781741523742675781e+01 5.939842700958251953e+00
-1.525137424468994141e+01 4.729051113128662109e+00
3.543664693832397461e+00 -6.396954536437988281e+00
-5.305321812629699707e-01 -2.036677837371826172e+00
-1.263073682785034180e+00 -1.856398344039916992e+00
-8.101889610290527344e+00 1.754356145858764648e+00
4.959731101989746094e+00 -8.064271926879882812e+00
1.786199927330017090e+00 -4.183269977569580078e+00
5.155227184295654297e+00 -8.360679626464843750e+00
-6.054323673248291016e+00 7.060036659240722656e-01
3.529853105545043945e+00 -6.379267692565917969e+00
4.299349308013916016e+00 -7.109215736389160156e+00
4.874399185180664062e+00 -7.930461406707763672e+00
-4.327579021453857422e+00 -2.662581764161586761e-02
-1.362052249908447266e+01 3.870222568511962891e+00
2.632576942443847656e+00 -5.116298198699951172e+00
7.700719356536865234e+00 -1.435475349426269531e+01
1.013395071029663086e+00 -3.703544616699218750e+00
4.895665645599365234e+00 -7.962018489837646484e+00
3.483467102050781250e+00 -6.067075252532958984e+00
7.786399841308593750e+00 -1.484149551391601562e+01
7.577076911926269531e+00 -1.375807762145996094e+01
6.932048320770263672e+00 -1.135602855682373047e+01
1.099286556243896484e+00 -3.441311597824096680e+00
-6.508217453956604004e-01 -2.550546407699584961e+00
5.188224792480468750e+00 -8.413476943969726562e+00
6.080952644348144531e+00 -9.974653244018554688e+00
-9.223653674125671387e-01 -2.112704753875732422e+00
8.104624748229980469e+00 -1.783338928222656250e+01
1.428335547447204590e+00 -4.078915596008300781e+00
7.102019309997558594e+00 -1.176072406768798828e+01
7.919345855712890625e+00 -1.573995876312255859e+01
-2.733152198791503906e+01 9.615495681762695312e+00
7.419024467468261719e+00 -1.313406372070312500e+01
5.406789302825927734e+00 -8.760769844055175781e+00
6.392340183258056641e+00 -1.095421600341796875e+01
7.042028903961181641e+00 -1.192367649078369141e+01
-1.196546077728271484e+01 3.152953147888183594e+00
-1.818996810913085938e+01 6.233604431152343750e+00
6.391173362731933594e+00 -1.057448482513427734e+01
4.269804000854492188e+00 -7.053252696990966797e+00
-9.796807289123535156e+00 2.466985702514648438e+00
-4.452569007873535156e+00 3.667647391557693481e-02
7.659672737121582031e+00 -1.414083957672119141e+01
-7.966116666793823242e-01 -1.993411898612976074e+00
-5.120803415775299072e-02 -2.724362134933471680e+00
4.180412292480468750e+00 -6.939956665039062500e+00
5.690587043762207031e+00 -2.631621360778808594e+01
5.893775463104248047e+00 -2.603247642517089844e+01
7.203773498535156250e+00 -1.235132980346679688e+01
7.798465728759765625e+00 -2.024698829650878906e+01
7.811300277709960938e+00 -1.499462795257568359e+01
3.591637611389160156e+00 -6.086065292358398438e+00
6.591572761535644531e+00 -1.124647045135498047e+01
8.294588088989257812e+00 -2.004096412658691406e+01
-1.831641387939453125e+01 5.678943157196044922e+00
4.699398994445800781e+00 -7.667779922485351562e+00
7.794768333435058594e+00 -2.156699752807617188e+01
6.156807899475097656e+00 -2.561363029479980469e+01
7.419223308563232422e+00 -1.313681316375732422e+01
7.205320358276367188e+00 -2.362689208984375000e+01
6.377759456634521484e+00 -1.041351509094238281e+01
6.499218940734863281e+00 -2.505862808227539062e+01
7.832190036773681641e+00 -1.512347126007080078e+01
4.837093353271484375e+00 -2.746045875549316406e+01
6.151588439941406250e+00 -2.562557792663574219e+01
8.123116493225097656e+00 -1.845451545715332031e+01
8.299030303955078125e+00 -2.013893318176269531e+01
5.591291904449462891e+00 -2.645537376403808594e+01
6.920203208923339844e+00 -2.425790786743164062e+01
6.197429180145263672e+00 -2.552808952331542969e+01
8.264888763427734375e+00 -1.888212966918945312e+01
6.640277385711669922e+00 -2.471678161621093750e+01
7.538042545318603516e+00 -1.360216999053955078e+01
-9.424743056297302246e-01 -3.226267623901367188e+01
6.978804111480712891e+00 -2.398264122009277344e+01
7.399935245513916016e+00 -2.296306991577148438e+01
6.560631275177001953e+00 -2.486000442504882812e+01
6.761309623718261719e+00 -1.152288341522216797e+01
6.216514110565185547e+00 -2.550205039978027344e+01
8.223559379577636719e+00 -1.926698112487792969e+01
3.842758893966674805e+00 -6.283656120300292969e+00
5.063815116882324219e+00 -8.219161987304687500e+00
-1.482992458343505859e+01 4.560687065124511719e+00
-7.624360561370849609e+00 1.634289026260375977e+00
6.425814628601074219e+00 -2.518445014953613281e+01
7.933946609497070312e+00 -2.089899826049804688e+01
1.647119045257568359e+00 -3.961974143981933594e+00
5.632144808769226074e-01 -3.127910232543945312e+01
2.475770473480224609e+00 -2.991983032226562500e+01
6.679204940795898438e+00 -1.065246200561523438e+01
-3.913646459579467773e+00 -3.307588958740234375e+01
-1.887918114662170410e+00 -3.248262786865234375e+01
7.718962669372558594e+00 -1.445798778533935547e+01
6.816708564758300781e+00 -1.084818553924560547e+01
7.905867099761962891e+00 -1.563394069671630859e+01
-6.753490447998046875e+00 -3.342087173461914062e+01
-1.519631743431091309e-01 -3.165825462341308594e+01
7.987040996551513672e+00 -1.632903099060058594e+01
-9.046319007873535156e+00 -3.362344741821289062e+01
-7.742558002471923828e+00 -3.380915069580078125e+01
4.199043273925781250e+00 -2.822667503356933594e+01
-6.915596485137939453e+00 -3.383168029785156250e+01
8.075662612915039062e+00 -1.871570396423339844e+01
2.930335521697998047e+00 -5.433063983917236328e+00
8.029285430908203125e+00 -1.677650833129882812e+01
4.204778194427490234e+00 -2.822010040283203125e+01
-9.530684471130371094e+00 -3.367112731933593750e+01
7.644882202148437500e+00 -2.217405319213867188e+01
-2.221924781799316406e+00 -3.258422470092773438e+01
4.810237407684326172e+00 -2.749131584167480469e+01
-1.139500427246093750e+01 -3.332889175415039062e+01
-4.015367031097412109e+00 -3.309079742431640625e+01
-9.036352157592773438e+00 -3.364057540893554688e+01
3.198681592941284180e+00 -2.927915954589843750e+01
7.877145767211914062e+00 -2.116939353942871094e+01
-3.208895444869995117e+00 -3.290101623535156250e+01
4.000079631805419922e+00 -2.846736717224121094e+01
-1.504795455932617188e+01 -3.223752212524414062e+01
-9.888416290283203125e+00 -3.357699584960937500e+01
-8.520365715026855469e+00 -3.369673919677734375e+01
-1.783342170715332031e+01 5.719725131988525391e+00
4.642126858234405518e-01 -3.134874725341796875e+01
2.499242067337036133e+00 -2.989327049255371094e+01
-8.204623222351074219e+00 1.800389885902404785e+00
-4.219009578227996826e-01 -3.164229393005371094e+01
6.217064857482910156e+00 -1.011648845672607422e+01
8.137170791625976562e+00 -1.856659126281738281e+01
-4.986728668212890625e+00 3.216547966003417969e-01
-2.005687904357910156e+01 -2.961410713195800781e+01
7.343472003936767578e+00 -2.337319946289062500e+01
-7.351631641387939453e+00 -3.388227462768554688e+01
-1.489694499969482422e+01 -3.235445785522460938e+01
7.139546871185302734e+00 -2.340052795410156250e+01
-1.391549205780029297e+01 -3.266672897338867188e+01
5.633341789245605469e+00 -2.639711570739746094e+01
-5.707797527313232422e+00 -3.341011047363281250e+01
1.614186882972717285e+00 -3.058330917358398438e+01
-4.570779502391815186e-01 -3.166340065002441406e+01
-1.691607284545898438e+01 -3.148982810974121094e+01
-1.204597115516662598e+00 -3.214812469482421875e+01
7.530138015747070312e+00 -1.357093334197998047e+01
-2.249471855163574219e+01 -2.760278129577636719e+01
7.980962753295898438e+00 -1.626649284362792969e+01
1.790985584259033203e+00 -3.045596313476562500e+01
-6.771804809570312500e+00 -3.379150390625000000e+01
-1.631690979003906250e+01 -3.179488945007324219e+01
-1.086452770233154297e+01 -3.342929458618164062e+01
-2.748615837097167969e+01 -2.197687339782714844e+01
-1.981814384460449219e+01 -2.976922035217285156e+01
3.462438344955444336e+00 -2.902417564392089844e+01
-2.569397354125976562e+01 -2.418243217468261719e+01
-7.776774883270263672e+00 1.601275563240051270e+00
7.942658901214599609e+00 -1.965616035461425781e+01
-1.111648273468017578e+01 3.166219949722290039e+00
-1.339797401428222656e+01 3.792201757431030273e+00
2.187129259109497070e+00 -3.015465927124023438e+01
4.167902469635009766e+00 -6.939364433288574219e+00
2.326251268386840820e+00 -3.003729248046875000e+01
-2.379934692382812500e+01 -2.652312850952148438e+01
-7.024066448211669922e+00 -3.335519409179687500e+01
-2.897503089904785156e+01 -1.991100120544433594e+01
7.506065368652343750e+00 -1.348210716247558594e+01
-1.754211616516113281e+01 -3.113876724243164062e+01
-1.564879798889160156e+01 -3.186913108825683594e+01
-2.535582923889160156e+01 -2.460668945312500000e+01
-2.359156227111816406e+01 -2.672173881530761719e+01
7.812452793121337891e+00 -1.997285461425781250e+01
7.318706989288330078e+00 -2.327342033386230469e+01
-1.685919570922851562e+01 -3.153025054931640625e+01
-2.875329589843750000e+01 -1.959642791748046875e+01
-2.492719078063964844e+01 -2.505940437316894531e+01
7.234827518463134766e+00 -1.246183967590332031e+01
-8.689306259155273438e+00 2.010709762573242188e+00
-2.493003463745117188e+01 -2.541819763183593750e+01
-1.925560235977172852e+00 -1.438011765480041504e+00
-1.845219802856445312e+01 -3.064775657653808594e+01
7.558301448822021484e+00 -2.244521141052246094e+01
-8.996227264404296875e+00 -3.375584793090820312e+01
-2.769086837768554688e+01 -2.164266395568847656e+01
-1.511805915832519531e+01 -3.238614273071289062e+01
2.707497596740722656e+00 -2.971679115295410156e+01
-1.597483634948730469e+01 -3.172130012512207031e+01
-7.751605510711669922e+00 -3.383543777465820312e+01
-1.601484870910644531e+01 -3.206714248657226562e+01
-2.419815444946289062e+01 -2.610474205017089844e+01
3.677470922470092773e+00 -2.880257415771484375e+01
-3.206125640869140625e+01 -1.041918945312500000e+01
-3.676161050796508789e+00 -3.302161407470703125e+01
-1.800860023498535156e+01 -3.090390586853027344e+01
3.705770969390869141e+00 -2.877245903015136719e+01
-3.087504005432128906e+01 -1.545980930328369141e+01
-1.327250480651855469e+01 -3.286056137084960938e+01
-4.165670394897460938e+00 -3.312055587768554688e+01
-2.422626876831054688e+01 -2.607240676879882812e+01
-4.908867359161376953e+00 -3.326962280273437500e+01
-2.722157096862792969e+01 -2.234894371032714844e+01
-2.598704910278320312e+01 -2.403528594970703125e+01
-1.412682056427001953e+01 -3.260854721069335938e+01
-1.545469474792480469e+01 -3.226004028320312500e+01
-3.065718269348144531e+01 -1.600054931640625000e+01
2.489873886108398438e+00 -4.971337318420410156e+00
-3.203179550170898438e+01 -1.081090736389160156e+01
-2.677916336059570312e+01 -2.295462799072265625e+01
-2.899682807922363281e+01 -1.983763694763183594e+01
-9.446426391601562500e+00 2.324869394302368164e+00
-2.832696914672851562e+01 -2.057135963439941406e+01
-2.323997116088867188e+01 -2.704306221008300781e+01
-2.143077659606933594e+01 -2.865982627868652344e+01
-1.221059989929199219e+01 -3.314339065551757812e+01
6.945647716522216797e+00 -2.391419792175292969e+01
7.985927104949951172e+00 -1.904714965820312500e+01
2.840442359447479248e-01 -2.915987253189086914e+00
-3.173410797119140625e+01 -1.363964557647705078e+01
8.043709754943847656e+00 -1.695448875427246094e+01
-3.154806327819824219e+01 -1.401597690582275391e+01
-3.010156631469726562e+01 -1.732360458374023438e+01
-2.758925437927246094e+01 -2.182975578308105469e+01
-2.582702255249023438e+01 -2.440189933776855469e+01
-2.807005691528320312e+01 -2.106571388244628906e+01
-1.344731044769287109e+01 3.172071456909179688e+01
-2.505370330810546875e+01 -2.539308738708496094e+01
-2.978267669677734375e+01 -1.798144149780273438e+01
7.396631240844726562e+00 -2.297086715698242188e+01
-2.591038703918457031e+01 -2.415720367431640625e+01
-6.459273338317871094e+00 -3.347157669067382812e+01
-3.123005485534667969e+01 -1.446305274963378906e+01
-2.668287515640258789e+00 -3.274343872070312500e+01
-1.204116535186767578e+01 -3.318748855590820312e+01
-8.189570426940917969e+00 -3.358512878417968750e+01
3.574330091476440430e+00 -2.890729713439941406e+01
-1.996295166015625000e+01 -2.967431640625000000e+01
-2.457785034179687500e+01 -2.570559883117675781e+01
1.005580306053161621e+00 -3.100145149230957031e+01
7.674305915832519531e+00 -2.206375694274902344e+01
-1.148033261299133301e+00 -3.201911163330078125e+01
-1.371648120880126953e+01 3.127260017395019531e+01
7.238279342651367188e+00 -1.248927402496337891e+01
-4.255785465240478516e+00 -7.142508774995803833e-02
3.778400897979736328e+00 -6.184404850006103516e+00
-3.637399435043334961e+00 -3.300201034545898438e+01
-1.123711776733398438e+01 3.385659790039062500e+01
-1.394008636474609375e+01 -3.265816497802734375e+01
3.173873901367187500e+00 -5.680075168609619141e+00
-2.153734779357910156e+01 -2.868653297424316406e+01
-1.455319690704345703e+01 -3.247000885009765625e+01
-1.761041259765625000e+01 2.692700767517089844e+01
7.797512531280517578e+00 -2.018702316284179688e+01
-2.338032960891723633e+00 -3.262175369262695312e+01
-1.368480682373046875e+01 4.149498462677001953e+00
-3.029802894592285156e+01 -1.690106010437011719e+01
1.720252275466918945e+00 -3.050665283203125000e+01
-1.104126739501953125e+01 -3.339570617675781250e+01
-2.356824684143066406e+01 -2.673493385314941406e+01
4.777110099792480469e+00 3.661389923095703125e+01
-1.746854662895202637e+00 3.759947967529296875e+01
-1.512707805633544922e+01 2.993890762329101562e+01
-3.188882637023925781e+01 -1.288706398010253906e+01
9.060999155044555664e-01 3.750899887084960938e+01
-1.719180107116699219e+01 -3.132595825195312500e+01
-2.724880599975585938e+01 -2.229806137084960938e+01
-7.502156257629394531e+00 -3.341431045532226562e+01
-2.156167030334472656e+00 -3.256378173828125000e+01
-3.195331764221191406e+01 -1.230155372619628906e+01
-3.029004478454589844e+01 -1.690683555603027344e+01
5.824567317962646484e+00 -9.491139411926269531e+00
-1.625186347961425781e+01 -3.183748626708984375e+01
-9.976281166076660156e+00 -3.356312942504882812e+01
-1.583907413482666016e+01 2.907965087890625000e+01
-8.407665252685546875e+00 -3.379644393920898438e+01
1.224260711669921875e+01 3.247673034667968750e+01
-5.819309234619140625e+00 3.720766067504882812e+01
-1.717405509948730469e+01 -3.135283851623535156e+01
-2.185446739196777344e+01 -2.806882476806640625e+01
3.889061808586120605e-01 3.763483047485351562e+01
-1.170446014404296875e+01 3.344216918945312500e+01
6.840916156768798828e+00 -1.090370559692382812e+01
-8.353735923767089844e+00 1.869683623313903809e+00
-2.843467330932617188e+01 -2.011619758605957031e+01
-2.770828056335449219e+01 -2.162218284606933594e+01
-2.013050951063632965e-02 -3.175241851806640625e+01
6.407142162322998047e+00 -1.098930168151855469e+01
8.157222747802734375e+00 3.520631027221679688e+01
-7.552540898323059082e-01 -2.455426216125488281e+00
8.294419288635253906e+00 -2.003900146484375000e+01
-3.197225570678710938e+01 -1.130236339569091797e+01
2.045542335510253906e+01 2.422599411010742188e+01
2.320228767395019531e+01 2.052067756652832031e+01
2.392267036437988281e+01 1.967926979064941406e+01
7.577296257019042969e+00 -2.238379478454589844e+01
-3.140593338012695312e+01 -1.330726528167724609e+01
3.010074138641357422e+00 -5.515910148620605469e+00
-1.401092529296875000e+01 4.187957286834716797e+00
-1.255971145629882812e+01 -3.305494689941406250e+01
-2.239847183227539062e+01 -2.797510147094726562e+01
-2.727575874328613281e+01 -2.225196266174316406e+01
-1.254455375671386719e+01 3.666229724884033203e+00
-1.892488098144531250e+01 2.439505004882812500e+01
1.306408286094665527e+00 -3.080649375915527344e+01
-4.017634391784667969e+00 -3.309239196777343750e+01
-2.900838088989257812e+01 -1.951647758483886719e+01
-1.964561843872070312e+01 -2.990368461608886719e+01
-3.475551366806030273e+00 -3.297630310058593750e+01
-3.206428146362304688e+01 -1.046770000457763672e+01
2.211516380310058594e+01 2.224523735046386719e+01
-2.387033462524414062e+01 -2.644503211975097656e+01
-2.397967720031738281e+01 8.029844284057617188e+00
2.822170448303222656e+01 1.450895977020263672e+01
3.572130584716796875e+01 -1.411008596420288086e+00
-2.046317863464355469e+01 -2.933518981933593750e+01
2.533207654953002930e+00 -5.013877868652343750e+00
3.516564941406250000e+01 -1.256115913391113281e+00
7.152208328247070312e+00 -2.390415573120117188e+01
-7.502917766571044922e+00 -3.341446685791015625e+01
-1.425140666961669922e+01 3.082630538940429688e+01
7.578696012496948242e-01 -3.117251396179199219e+01
-3.091286468505859375e+01 -1.533207702636718750e+01
-1.818990707397460938e+01 2.573552322387695312e+01
-1.870585250854492188e+01 2.481260490417480469e+01
-2.922282218933105469e+01 -1.905772590637207031e+01
-1.815547752380371094e+01 -3.081474304199218750e+01
3.596870422363281250e+01 -2.895834445953369141e+00
7.875396728515625000e+00 -2.061779785156250000e+01
2.353612327575683594e+01 2.087311363220214844e+01
-1.194370269775390625e+01 -3.321029281616210938e+01
-1.638834571838378906e+01 2.843433570861816406e+01
3.221651840209960938e+01 6.416795730590820312e+00
8.098940849304199219e+00 -2.077533531188964844e+01
3.718899154663085938e+01 -6.129555702209472656e+00
-1.052161121368408203e+01 3.442656707763671875e+01
-2.055768585205078125e+01 -2.925856208801269531e+01
8.123311996459960938e+00 -1.837026214599609375e+01
-1.831216239929199219e+01 -3.071348381042480469e+01
-3.085272789001464844e+01 -1.564774894714355469e+01
-1.617801856994628906e+01 2.865997123718261719e+01
3.602491378784179688e+01 -2.330293416976928711e+00
-1.857161140441894531e+01 -3.057393836975097656e+01
2.753615951538085938e+01 1.503203678131103516e+01
2.767037391662597656e+00 -2.966654777526855469e+01
-5.731627941131591797e+00 3.716253280639648438e+01
-7.058266550302505493e-02 3.781558990478515625e+01
7.145249366760253906e+00 3.543837356567382812e+01
-7.646639823913574219e+00 3.594287872314453125e+01
3.274768829345703125e+01 5.745242595672607422e+00
3.500512313842773438e+01 7.900024950504302979e-02
-5.153307914733886719e+00 4.081203937530517578e-01
5.897260665893554688e+00 -9.647842407226562500e+00
3.806533813476562500e+01 -8.990354537963867188e+00
3.425914382934570312e+01 2.138768911361694336e+00
2.440724563598632812e+01 1.938586235046386719e+01
-1.497419071197509766e+01 -3.228870010375976562e+01
3.553056335449218750e+01 -2.442032575607299805e+00
-2.820440483093261719e+01 -2.084283256530761719e+01
-1.158175659179687500e+01 -3.328958511352539062e+01
-2.221256256103515625e+01 -2.783718109130859375e+01
-2.527534103393554688e+01 -2.517442703247070312e+01
2.764251136779785156e+01 1.497908020019531250e+01
-3.173083496093750000e+01 -1.212178230285644531e+01
8.200183868408203125e+00 -1.942362976074218750e+01
1.317761135101318359e+01 3.181810569763183594e+01
3.406887054443359375e+01 2.641588687896728516e+00
-2.850311088562011719e+01 -2.056525230407714844e+01
-2.594612884521484375e+01 -2.412968444824218750e+01
1.912847328186035156e+01 2.618928337097167969e+01
-1.762667083740234375e+01 2.695372390747070312e+01
7.049481868743896484e+00 -1.190782451629638672e+01
-6.155530452728271484e+00 1.092519760131835938e+00
5.772033214569091797e+00 -9.383855819702148438e+00
-1.709562301635742188e+01 2.780229377746582031e+01
2.449895858764648438e+01 1.925435256958007812e+01
-1.751513004302978516e+00 -1.537043094635009766e+00
-3.859648704528808594e-01 -3.200841140747070312e+01
-3.207378768920898438e+01 -9.845777511596679688e+00
2.015767860412597656e+01 2.457861900329589844e+01
-2.558761978149414062e+01 -2.475796508789062500e+01
1.839945983886718750e+01 2.615033912658691406e+01
-6.263338088989257812e+00 -3.351172637939453125e+01
1.786496734619140625e+01 2.713983726501464844e+01
7.884197711944580078e+00 -2.123681259155273438e+01
3.848226547241210938e+01 -9.505434989929199219e+00
-3.189582633972167969e+01 -1.175950717926025391e+01
-6.783399105072021484e+00 -3.379065322875976562e+01
-1.107411289215087891e+01 3.398875808715820312e+01
3.661747574806213379e-01 3.766086196899414062e+01
3.911396408081054688e+01 -1.192058086395263672e+01
-1.001246452331542969e+01 -3.355816268920898438e+01
2.867227363586425781e+01 1.330954265594482422e+01
-1.934340858459472656e+01 -3.009389114379882812e+01
1.913521575927734375e+01 2.617807769775390625e+01
7.872157573699951172e+00 3.554139328002929688e+01
6.815073490142822266e+00 -2.443741798400878906e+01
-5.973458766937255859e+00 3.652067947387695312e+01
1.120066285133361816e+00 -3.093971061706542969e+01
3.175662040710449219e+01 7.310654163360595703e+00
4.108970260620117188e+01 -1.589041042327880859e+01
1.039221000671386719e+01 3.381735229492187500e+01
3.907904434204101562e+01 -1.157299613952636719e+01
-2.463005065917968750e+00 -3.266813659667968750e+01
4.286056518554687500e+00 -2.813005828857421875e+01
1.467079544067382812e+01 3.036758232116699219e+01
3.286820602416992188e+01 5.522998809814453125e+00
-1.857633590698242188e+01 -3.057308006286621094e+01
3.482592010498046875e+01 5.768423080444335938e-01
-1.252588272094726562e+01 -3.306323623657226562e+01
1.933012962341308594e+01 2.519789886474609375e+01
-1.915287399291992188e+01 6.324568748474121094e+00
4.117081451416015625e+01 -1.657015991210937500e+01
3.921396636962890625e+01 -1.230909919738769531e+01
3.094872093200683594e+01 9.289228439331054688e+00
-7.310594558715820312e+00 -3.388818359375000000e+01
3.910561370849609375e+01 -1.200587940216064453e+01
3.714772033691406250e+01 -6.020377635955810547e+00
4.036162567138671875e+01 -1.457853603363037109e+01
2.449962234497070312e+01 1.925410461425781250e+01
2.750049018859863281e+01 1.472249889373779297e+01
-2.638903236389160156e+01 -2.348704338073730469e+01
-5.934176921844482422e+00 3.652568817138671875e+01
-1.859298706054687500e+01 2.502860069274902344e+01
3.930871248245239258e+00 -6.603256225585937500e+00
-3.207441329956054688e+01 -1.024447250366210938e+01
-3.104943275451660156e+01 -1.498099422454833984e+01
8.246389389038085938e+00 -2.040725326538085938e+01
-6.096153259277343750e+00 3.711534500122070312e+01
2.797791099548339844e+01 1.399347782135009766e+01
-1.301733016967773438e+01 -3.293662261962890625e+01
3.890751266479492188e+01 -1.062841224670410156e+01
3.509964752197265625e+01 1.924249827861785889e-01
2.522004318237304688e+01 1.829818534851074219e+01
3.499925231933593750e+01 -6.847549676895141602e-01
2.795289802551269531e+01 1.480305957794189453e+01
3.190057373046875000e+01 7.723197460174560547e+00
4.035986328125000000e+01 -1.472937297821044922e+01
-3.374447524547576904e-01 -3.198732376098632812e+01
4.127182388305664062e+01 -1.639898300170898438e+01
-3.200175857543945312e+01 -1.093939304351806641e+01
1.421015071868896484e+01 3.066658210754394531e+01
-1.751181983947753906e+01 2.660048484802246094e+01
2.977058029174804688e+01 1.126192283630371094e+01
-1.783361625671386719e+01 2.627843856811523438e+01
4.033676147460937500e+01 -1.480349349975585938e+01
-1.709673500061035156e+01 2.702392196655273438e+01
-3.209835290908813477e+00 -3.290129470825195312e+01
-1.693590545654296875e+01 2.730095291137695312e+01
7.608281135559082031e+00 3.522225952148437500e+01
-4.931990146636962891e+00 3.713045501708984375e+01
-1.806999206542968750e+01 2.593257141113281250e+01
4.065506744384765625e+01 -1.607545280456542969e+01
3.456252670288085938e+01 1.338586568832397461e+00
3.133718872070312500e+01 8.578572273254394531e+00
3.777462005615234375e+01 -7.747246742248535156e+00
4.055031585693359375e+01 -1.580343246459960938e+01
-1.750202369689941406e+01 2.728220558166503906e+01
4.134634399414062500e+01 -1.680193138122558594e+01
-3.065389823913574219e+01 -1.598337936401367188e+01
3.189341354370117188e+01 7.713600158691406250e+00
4.104917907714843750e+01 -1.656142997741699219e+01
3.977070617675781250e+01 -1.303783321380615234e+01
3.765216445922851562e+01 -7.313071250915527344e+00
-5.122313976287841797e+00 3.722052383422851562e+01
2.677191734313964844e+01 1.612578392028808594e+01
-1.879207420349121094e+01 2.465786361694335938e+01
2.450543165206909180e+00 3.723080444335937500e+01
-2.516484832763671875e+01 -2.476912307739257812e+01
3.936115264892578125e+01 -1.143853855133056641e+01
-1.553851127624511719e+01 -3.205844497680664062e+01
-2.212286376953125000e+01 -2.827770042419433594e+01
4.005569458007812500e+01 -1.390320014953613281e+01
4.085551452636718750e+01 -1.632807350158691406e+01
4.033697128295898438e+01 -1.479757976531982422e+01
3.247216415405273438e+01 6.911799430847167969e+00
3.547922134399414062e+01 -2.072845458984375000e+00
3.382010269165039062e+01 3.278561830520629883e+00
3.263212203979492188e+01 6.014198780059814453e+00
-3.055411338806152344e+01 -1.631375122070312500e+01
-1.465775871276855469e+01 3.042684745788574219e+01
4.040155029296875000e+01 -1.546897602081298828e+01
3.841198348999023438e+01 -8.798173904418945312e+00
4.044753265380859375e+01 -1.559311771392822266e+01
4.123224639892578125e+01 -1.610641098022460938e+01
-3.115958023071289062e+01 -1.465822315216064453e+01
-2.141234970092773438e+01 -2.845610427856445312e+01
3.861172485351562500e+01 -9.840379714965820312e+00
1.867476081848144531e+01 2.587766456604003906e+01
-1.650951576232910156e+01 2.788947296142578125e+01
-7.017767429351806641e+00 -3.335473251342773438e+01
3.556754684448242188e+01 -7.963095307350158691e-01
3.839701461791992188e+01 -9.367564201354980469e+00
-9.542168378829956055e-01 -3.226684188842773438e+01
3.555297470092773438e+01 -7.507503032684326172e-01
3.839897537231445312e+01 -8.739949226379394531e+00
-3.445240855216979980e-01 3.783876419067382812e+01
3.329628753662109375e+01 4.553140163421630859e+00
4.095733261108398438e+01 -1.552249431610107422e+01
1.122797203063964844e+01 3.324052810668945312e+01
4.038929367065429688e+01 -1.543261241912841797e+01
3.227560043334960938e+01 7.340220928192138672e+00
3.378039169311523438e+01 3.377320289611816406e+00
3.787982559204101562e+01 -7.859054565429687500e+00
4.091662216186523438e+01 -1.544971561431884766e+01
3.494056701660156250e+01 -3.120577633380889893e-01
3.580453872680664062e+01 -1.818432450294494629e+00
3.842058563232421875e+01 -8.943350791931152344e+00
3.978783416748046875e+01 -1.255282211303710938e+01
3.994428634643554688e+01 -1.351239967346191406e+01
3.975557327270507812e+01 -1.223304843902587891e+01
4.076761245727539062e+01 -1.520408344268798828e+01
4.069487762451171875e+01 -1.510095405578613281e+01
2.634707641601562500e+01 1.673253250122070312e+01
4.018340301513671875e+01 -1.414558982849121094e+01
3.972362136840820312e+01 -1.190583801269531250e+01
-4.299285411834716797e+00 3.722262191772460938e+01
3.706457138061523438e+01 -5.800791263580322266e+00
-1.297854804992675781e+01 3.226957321166992188e+01
1.484956169128417969e+01 3.025263404846191406e+01
1.871648979187011719e+01 2.665473556518554688e+01
2.491320419311523438e+01 1.869968032836914062e+01
3.000610542297363281e+01 1.107762241363525391e+01
3.560332107543945312e+01 -2.580844163894653320e+00
3.955710983276367188e+01 -1.168081855773925781e+01
3.255054855346679688e+01 6.685045719146728516e+00
4.002460861206054688e+01 -1.375141811370849609e+01
3.344596099853515625e+01 4.191452026367187500e+00
3.942858886718750000e+01 -1.265307521820068359e+01
7.674139022827148438e+00 3.573772048950195312e+01
3.551960372924804688e+01 -7.264322042465209961e-01
3.978181076049804688e+01 -1.307518768310546875e+01
-2.479421997070312500e+01 -2.529251861572265625e+01
-3.123072052001953125e+01 -1.379280471801757812e+01
1.979931449890136719e+01 2.484085273742675781e+01
3.975279235839843750e+01 -1.200829029083251953e+01
3.965229415893554688e+01 -1.265354442596435547e+01
3.935477066040039062e+01 -1.143972969055175781e+01
3.927597808837890625e+01 -1.238179683685302734e+01
3.625944614410400391e+00 -2.885443305969238281e+01
-1.154981994628906250e+01 3.357918167114257812e+01
7.490180492401123047e+00 3.525628662109375000e+01
3.099486160278320312e+01 9.199400901794433594e+00
-3.203035354614257812e+01 -1.081847286224365234e+01
-1.855286407470703125e+01 2.506285667419433594e+01
-3.122936630249023438e+01 -1.386799907684326172e+01
3.886722183227539062e+01 -1.048517704010009766e+01
3.537551879882812500e+01 -1.971219658851623535e+00
3.910974884033203125e+01 -1.146484851837158203e+01
-1.843406677246093750e+01 2.529902076721191406e+01
2.119912910461425781e+01 2.334158325195312500e+01
3.800401306152343750e+01 -8.231835365295410156e+00
-1.710162162780761719e+01 2.778426361083984375e+01
3.897928619384765625e+01 -1.084273624420166016e+01
3.553351974487304688e+01 -7.330352067947387695e-01
3.794843292236328125e+01 -8.646575927734375000e+00
1.944456863403320312e+01 2.569514846801757812e+01
5.585855484008789062e+00 3.636464691162109375e+01
3.800885772705078125e+01 -8.892045021057128906e+00
-1.395935249328613281e+01 3.145152282714843750e+01
3.497423171997070312e+01 -7.699921727180480957e-01
2.981185722351074219e+01 1.157874298095703125e+01
3.839684677124023438e+01 -9.370403289794921875e+00
-1.257520556449890137e+00 -3.228721237182617188e+01
2.839167213439941406e+01 1.373862457275390625e+01
3.418415069580078125e+01 2.339296340942382812e+00
3.800429153442382812e+01 -8.385567665100097656e+00
3.688512420654296875e+01 -5.335227966308593750e+00
-4.548831939697265625e+00 3.717808914184570312e+01
3.824106597900390625e+01 -8.426360130310058594e+00
3.608969497680664062e+01 -3.261193752288818359e+00
3.611296081542968750e+01 -3.347020149230957031e+00
3.180604743957519531e+01 7.182106494903564453e+00
-1.743791580200195312e+01 2.738533401489257812e+01
1.827718353271484375e+01 2.700171661376953125e+01
6.629755973815917969e+00 3.599861526489257812e+01
-2.869217872619628906e+01 -2.043237876892089844e+01
-3.158498001098632812e+01 -1.240017318725585938e+01
-2.127143669128417969e+01 -2.873130798339843750e+01
3.738627243041992188e+01 -6.643460273742675781e+00
3.748114776611328125e+01 -6.882796764373779297e+00
3.763775634765625000e+01 -7.292016029357910156e+00
3.729605102539062500e+01 -6.409710407257080078e+00
3.343352890014648438e+01 4.221841812133789062e+00
1.370676612854003906e+01 3.100821876525878906e+01
-1.093637585639953613e+00 -3.196324729919433594e+01
-3.190041923522949219e+01 -1.201859760284423828e+01
3.509475326538085938e+01 -1.148196578025817871e+00
-1.371797680854797363e+00 3.780338668823242188e+01
3.735993194580078125e+01 -6.575391292572021484e+00
3.308893203735351562e+01 5.051805496215820312e+00
3.568958663940429688e+01 -1.477882504463195801e+00
-1.462765216827392578e+01 3.079937934875488281e+01
3.482753372192382812e+01 3.737053573131561279e-01
3.515005874633789062e+01 -1.230044126510620117e+00
3.126292610168457031e+01 8.715736389160156250e+00
2.965675163269042969e+01 1.171696853637695312e+01
-5.262009143829345703e+00 3.679713821411132812e+01
-2.284455299377441406e+01 -2.744230079650878906e+01
2.950135993957519531e+01 1.192608642578125000e+01
3.259959411621093750e+01 6.392136573791503906e+00
2.372513961791992188e+01 2.055250740051269531e+01
3.602002716064453125e+01 -2.496967554092407227e+00
9.735649108886718750e+00 3.425493240356445312e+01
-7.556540966033935547e+00 3.619049835205078125e+01
3.458683776855468750e+01 1.266581058502197266e+00
-9.843051910400390625e+00 3.488293457031250000e+01
2.298445129394531250e+01 2.083147811889648438e+01
8.007780075073242188e+00 3.530926132202148438e+01
3.577171707153320312e+01 -2.700430154800415039e+00
3.602550888061523438e+01 -2.328950643539428711e+00
-6.525700688362121582e-01 3.778140640258789062e+01
3.799255609512329102e+00 3.689950561523437500e+01
2.272115135192871094e+01 2.150842666625976562e+01
3.245691680908203125e+01 6.933967590332031250e+00
3.324102783203125000e+01 4.679128170013427734e+00
-1.105175113677978516e+01 -3.339487838745117188e+01
2.914445495605468750e+01 1.253908824920654297e+01
3.406369781494140625e+01 2.656099319458007812e+00
3.021165275573730469e+01 1.066058254241943359e+01
3.130679321289062500e+01 8.634008407592773438e+00
2.060891342163085938e+01 2.404045104980468750e+01
3.521714401245117188e+01 -1.932673305273056030e-01
2.894718551635742188e+01 1.282715892791748047e+01
3.496504592895507812e+01 2.791856527328491211e-01
-1.892468261718750000e+01 -3.035105895996093750e+01
-2.943589210510253906e+01 -1.867420005798339844e+01
3.287421035766601562e+01 5.510311126708984375e+00
3.371324539184570312e+01 3.542169094085693359e+00
2.410857391357421875e+01 2.001413726806640625e+01
3.182293891906738281e+01 7.135664939880371094e+00
-1.322871685028076172e+01 3.201246643066406250e+01
-5.559448719024658203e+00 -3.339608764648437500e+01
3.390124130249023438e+01 3.071323156356811523e+00
-3.023574066162109375e+01 -1.704493331909179688e+01
2.935103034973144531e+01 1.215275096893310547e+01
6.825387477874755859e+00 3.570954895019531250e+01
3.337299728393554688e+01 4.369528293609619141e+00
2.837908935546875000e+01 1.402627277374267578e+01
3.360940170288085938e+01 3.805512189865112305e+00
3.073613166809082031e+01 9.691336631774902344e+00
3.207534027099609375e+01 6.621592998504638672e+00
2.257786941528320312e+01 2.169725799560546875e+01
-3.181089210510253906e+01 -1.326527690887451172e+01
2.326372146606445312e+01 2.114466857910156250e+01
2.885897636413574219e+01 1.299205875396728516e+01
-2.958643150329589844e+01 -1.838712501525878906e+01
2.934660911560058594e+01 1.213067531585693359e+01
3.227931594848632812e+01 7.329144477844238281e+00
1.864446640014648438e+01 2.590860366821289062e+01
3.280260086059570312e+01 5.700082778930664062e+00
3.163528633117675781e+01 7.946471691131591797e+00
3.210908508300781250e+01 6.577532291412353516e+00
3.005532646179199219e+01 1.094912910461425781e+01
-2.269694137573242188e+01 -2.770058822631835938e+01
-3.136703109741210938e+01 -1.350468921661376953e+01
2.694248580932617188e+01 1.587387275695800781e+01
3.066639900207519531e+01 9.820737838745117188e+00
3.159711265563964844e+01 8.058666229248046875e+00
2.621062088012695312e+01 1.692662048339843750e+01
2.961550140380859375e+01 1.151859188079833984e+01
1.419509601593017578e+01 3.067316246032714844e+01
2.778303718566894531e+01 1.419633674621582031e+01
2.553186988830566406e+01 1.787225151062011719e+01
7.628818511962890625e+00 3.522066116333007812e+01
3.017188262939453125e+01 1.072221660614013672e+01
2.512452697753906250e+01 1.842956924438476562e+01
1.313852977752685547e+01 3.156322288513183594e+01
2.818044090270996094e+01 1.387282085418701172e+01
1.263853740692138672e+01 3.231499099731445312e+01
2.991531181335449219e+01 1.127431583404541016e+01
1.869691848754882812e+01 2.667547225952148438e+01
2.556215095520019531e+01 1.783148956298828125e+01
2.886680603027343750e+01 1.298009014129638672e+01
2.650290298461914062e+01 1.651389694213867188e+01
1.290007972717285156e+01 3.213493728637695312e+01
2.919603538513183594e+01 1.243643856048583984e+01
1.340542125701904297e+01 3.171606254577636719e+01
1.965080070495605469e+01 2.491028594970703125e+01
2.779714775085449219e+01 1.417874240875244141e+01
2.346932220458984375e+01 2.095363616943359375e+01
-1.658697128295898438e+01 2.768545532226562500e+01
-1.865145492553710938e+01 2.490345001220703125e+01
1.794091033935546875e+01 2.701941680908203125e+01
1.833333969116210938e+01 2.697172164916992188e+01
9.740004539489746094e+00 3.425141143798828125e+01
2.752268028259277344e+01 1.463679599761962891e+01
5.199216842651367188e+00 -2.699193000793457031e+01
-1.632621574401855469e+01 2.823250961303710938e+01
3.975380182266235352e+00 3.685808181762695312e+01
8.019568443298339844e+00 -1.666471481323242188e+01
-2.280932617187500000e+01 -2.747807502746582031e+01
1.373587036132812500e+01 3.097123336791992188e+01
-1.578368568420410156e+01 2.915592575073242188e+01
-3.196040534973144531e+01 -1.139219379425048828e+01
9.592895507812500000e+00 3.434281921386718750e+01
-1.113054037094116211e+00 3.747851562500000000e+01
5.686976432800292969e+00 3.628729629516601562e+01
-1.816773414611816406e+01 5.654276847839355469e+00
2.811619186401367188e+01 1.459325790405273438e+01
-1.238888359069824219e+01 3.281904983520507812e+01
-1.594857311248779297e+01 -3.213127899169921875e+01
2.834719467163085938e+01 1.422973918914794922e+01
1.257054901123046875e+01 3.205882644653320312e+01
-2.747840881347656250e+01 -2.197174072265625000e+01
2.770571136474609375e+01 1.493473148345947266e+01
-2.865156745910644531e+01 -1.969088935852050781e+01
2.309893417358398438e+01 2.125922012329101562e+01
2.598094367980957031e+01 1.725028228759765625e+01
2.677141761779785156e+01 1.612651252746582031e+01
-2.098275184631347656e+01 -2.896965026855468750e+01
1.145285606384277344e+01 3.306547546386718750e+01
2.696308326721191406e+01 1.585482597351074219e+01
1.414212226867675781e+01 3.115525627136230469e+01
8.914716720581054688e+00 3.476772689819335938e+01
2.548291778564453125e+01 1.794156455993652344e+01
2.326966476440429688e+01 2.043128776550292969e+01
2.501815795898437500e+01 1.858161926269531250e+01
-1.319284725189208984e+01 3.203139114379882812e+01
-5.343222618103027344e+00 3.726017379760742188e+01
2.411882019042968750e+01 2.000015258789062500e+01
1.516574192047119141e+01 2.992230415344238281e+01
2.391895866394042969e+01 1.968187904357910156e+01
-2.180202674865722656e+01 -2.855393409729003906e+01
1.837390708923339844e+01 2.618393516540527344e+01
-2.624460220336914062e+01 -2.367845153808593750e+01
2.259146690368652344e+01 2.168673133850097656e+01
1.402824401855468750e+01 3.127066230773925781e+01
2.278614997863769531e+01 2.138081169128417969e+01
-1.721644592285156250e+01 2.686658859252929688e+01
-6.256118774414062500e+00 3.703507614135742188e+01
2.423600769042968750e+01 1.976798820495605469e+01
1.399879550933837891e+01 3.129487419128417969e+01
1.263777923583984375e+01 3.231496429443359375e+01
5.750661849975585938e+00 -9.349486351013183594e+00
1.895461654663085938e+01 2.637672424316406250e+01
2.291048622131347656e+01 2.098875808715820312e+01
1.197844147682189941e+00 -3.905070304870605469e+00
-3.083194351196289062e+01 -1.551575851440429688e+01
2.119465255737304688e+01 2.334529495239257812e+01
1.893351745605468750e+01 2.558670997619628906e+01
2.352794265747070312e+01 2.020184326171875000e+01
2.372556495666503906e+01 2.053755187988281250e+01
-8.453857421875000000e+00 3.573846435546875000e+01
2.022737884521484375e+01 2.450141143798828125e+01
1.199477767944335938e+01 3.270066833496093750e+01
1.983354759216308594e+01 2.521663856506347656e+01
2.308808803558349609e+00 3.725962066650390625e+01
1.757163619995117188e+01 2.743731689453125000e+01
1.921774482727050781e+01 2.530048751831054688e+01
-1.442807865142822266e+01 3.047174453735351562e+01
1.811233520507812500e+01 2.652634429931640625e+01
1.452993774414062500e+01 3.070758628845214844e+01
2.004032135009765625e+01 2.480185699462890625e+01
1.521956634521484375e+01 2.986844444274902344e+01
6.057062625885009766e+00 3.616339111328125000e+01
6.186978340148925781e+00 3.608874893188476562e+01
1.944881629943847656e+01 2.569307899475097656e+01
-2.166670036315917969e+01 -2.819431495666503906e+01
1.979870414733886719e+01 2.534260749816894531e+01
1.812993431091308594e+01 2.652542686462402344e+01
-1.363579177856445312e+01 3.133863830566406250e+01
1.798971557617187500e+01 2.677839851379394531e+01
7.246941566467285156e+00 3.589046096801757812e+01
-1.687642288208007812e+01 2.815706062316894531e+01
-5.215758323669433594e+00 3.684732818603515625e+01
1.514210891723632812e+01 2.994458580017089844e+01
9.564329147338867188e+00 3.436160659790039062e+01
1.453258705139160156e+01 3.069189071655273438e+01
1.477700901031494141e+01 3.030677223205566406e+01
-3.143241500854492188e+01 -1.288213348388671875e+01
1.361124801635742188e+01 3.162980079650878906e+01
1.151474285125732422e+01 3.301888275146484375e+01
1.168063640594482422e+01 3.292886352539062500e+01
-1.885735702514648438e+01 -3.039126396179199219e+01
1.343514823913574219e+01 3.132088088989257812e+01
9.078674316406250000e+00 3.466295623779296875e+01
1.260536003112792969e+01 3.202748489379882812e+01
-2.832049942016601562e+01 -2.050292205810546875e+01
1.194850540161132812e+01 3.272895431518554688e+01
9.526044845581054688e+00 3.438731765747070312e+01
6.603766441345214844e+00 3.600331497192382812e+01
1.114853382110595703e+01 3.329214096069335938e+01
-1.430405139923095703e+01 3.062960052490234375e+01
1.929855108261108398e+00 3.734043502807617188e+01
-1.895328903198242188e+01 2.434000587463378906e+01
-2.370218276977539062e+01 -2.660866928100585938e+01
1.817126035690307617e+00 3.735601043701171875e+01
1.011235427856445312e+01 3.399790191650390625e+01
8.462009429931640625e+00 3.501180267333984375e+01
-1.049159884452819824e+00 3.746918106079101562e+01
-3.144874954223632812e+01 -1.282647323608398438e+01
-2.900605583190917969e+01 -1.959590339660644531e+01
7.726008415222167969e+00 3.571393585205078125e+01
7.275791645050048828e+00 3.587950134277343750e+01
-1.762743949890136719e+01 -3.110719871520996094e+01
-2.299881553649902344e+01 -2.724269676208496094e+01
-1.512678241729736328e+01 2.994053459167480469e+01
3.418851852416992188e+00 3.700075149536132812e+01
-1.630352401733398438e+01 2.852070045471191406e+01
-1.657076454162597656e+01 -3.158994483947753906e+01
-1.650971412658691406e+01 2.788924598693847656e+01
-1.537118721008300781e+01 2.966198348999023438e+01
-2.990600204467773438e+01 -1.773206329345703125e+01
-1.708416748046875000e+01 2.707066345214843750e+01
-1.785690498352050781e+01 2.624661064147949219e+01
6.818929195404052734e+00 3.570281219482421875e+01
-3.192297935485839844e+01 -1.259142398834228516e+01
-3.022274398803710938e+01 -1.698443984985351562e+01
-3.057854080200195312e+01 -1.626823616027832031e+01
-7.170599937438964844e+00 1.344757318496704102e+00
-2.876260566711425781e+01 -2.010561561584472656e+01
-4.235053434967994690e-02 3.739963912963867188e+01
-1.086545467376708984e+01 3.415503311157226562e+01
-2.548943710327148438e+01 -2.488384246826171875e+01
-1.406905269622802734e+01 3.138676261901855469e+01
5.395368099212646484e+00 3.640183639526367188e+01
-6.197413921356201172e+00 3.653175354003906250e+01
4.501726627349853516e+00 3.669923782348632812e+01
5.554620265960693359e+00 3.635526657104492188e+01
7.408944368362426758e-01 3.752540588378906250e+01
4.082605361938476562e+00 3.682086944580078125e+01
4.418966770172119141e+00 3.672346878051757812e+01
-5.856229782104492188e+00 3.654035949707031250e+01
2.864877939224243164e+00 3.713549041748046875e+01
-1.388552093505859375e+01 3.154581069946289062e+01
3.628814458847045898e+00 3.694506835937500000e+01
-2.211501884460449219e+01 -2.831845664978027344e+01
1.871106624603271484e-01 -3.151295471191406250e+01
-1.665992164611816406e+01 2.833843421936035156e+01
-1.456762599945068359e+01 3.088844680786132812e+01
-3.024082756042480469e+01 -1.702901649475097656e+01
-1.009216022491455078e+01 3.472426223754882812e+01
-1.540137195587158203e+01 2.964276504516601562e+01
-3.156398963928222656e+01 -1.400209903717041016e+01
-3.189129257202148438e+01 -1.288782596588134766e+01
-1.030033946037292480e+00 3.784845352172851562e+01
2.141053915023803711e+00 3.729701995849609375e+01
1.517957091331481934e+00 3.741356277465820312e+01
1.327703595161437988e+00 3.743781280517578125e+01
-1.016037082672119141e+01 3.467707061767578125e+01
5.145968914031982422e+00 -2.705910873413085938e+01
-1.183041763305664062e+01 3.333837127685546875e+01
-2.326265573501586914e-01 3.739902114868164062e+01
-1.856575608253479004e+00 3.758752059936523438e+01
-1.075268268585205078e+01 3.425324249267578125e+01
-1.268372178077697754e+00 3.773843383789062500e+01
-1.995044350624084473e+00 3.757160568237304688e+01
-1.096183872222900391e+01 3.407630920410156250e+01
-1.123957061767578125e+01 2.878967523574829102e+00
-5.295088768005371094e+00 3.676925659179687500e+01
-1.432079076766967773e-01 3.741347885131835938e+01
-1.298392105102539062e+01 3.226659011840820312e+01
-3.085418939590454102e-01 3.784457778930664062e+01
-9.254686355590820312e+00 -3.362709808349609375e+01
-6.747619152069091797e+00 3.653857040405273438e+01
-1.235386371612548828e+01 3.285199356079101562e+01
-1.033591079711914062e+01 3.455718231201171875e+01
-3.207163619995117188e+01 -1.014783573150634766e+01
-9.803538322448730469e+00 -3.356908798217773438e+01
-9.986291527748107910e-01 3.746384429931640625e+01
-3.078063488006591797e+00 3.741942596435546875e+01
-7.691690921783447266e+00 3.628588104248046875e+01
-2.251439332962036133e+00 3.753042221069335938e+01
-8.231226921081542969e+00 3.585390472412109375e+01
-1.827492332458496094e+01 2.554417991638183594e+01
-9.423939704895019531e+00 3.515903091430664062e+01
-1.083157634735107422e+01 3.418837738037109375e+01
-2.454307556152343750e+01 -2.575582313537597656e+01
-8.423657417297363281e+00 3.575992202758789062e+01
-6.330225467681884766e+00 3.698025512695312500e+01
-5.839226722717285156e+00 3.720367050170898438e+01
-7.617741584777832031e+00 3.596159362792968750e+01
-1.349883174896240234e+01 3.187569046020507812e+01
-7.996459007263183594e+00 3.590849304199218750e+01
-1.478439235687255859e+01 3.063179206848144531e+01
-7.032712936401367188e+00 3.649660110473632812e+01
-6.622045516967773438e+00 3.660832595825195312e+01
-1.487349891662597656e+01 3.025027084350585938e+01
-3.122331047058105469e+01 -1.437733650207519531e+01
-7.837075233459472656e+00 3.625833129882812500e+01
-7.969038486480712891e+00 3.617816162109375000e+01
-9.155166625976562500e+00 3.532519149780273438e+01
