34 2
1 1.1477195 0.52191377
34 -0.030823411 1.3550836
33 -0.04360186 1.2997359
3 0.4837254 0.9307184
2 0.88432324 0.6923167
4 0.9328798 0.678871
32 0.062284112 1.2288302
14 0.7232364 0.7848803
24 -0.3087704 1.5248001
9 0.24399969 1.1017103
8 0.8292505 0.7731524
28 -0.008279439 1.2678106
6 2.0387354 0.326836
7 1.8028036 0.4217313
31 0.1872516 1.1169015
30 -0.33608553 1.5951786
25 -0.23507069 1.4343474
29 0.2078389 1.0985082
5 1.8267947 0.37430078
11 1.9034252 0.3535574
26 -0.33201206 1.5654267
20 0.7300352 0.7833875
13 0.9075771 0.7304193
18 1.0840768 0.65603435
22 1.0227708 0.63363475
17 2.2238739 0.28130674
23 -0.13719222 1.3781366
10 0.16931997 1.163714
15 -0.069183126 1.3229306
19 -0.081940606 1.3878937
16 -0.26786426 1.4748536
21 -0.045925908 1.3149695
27 -0.20280792 1.4599226
12 1.2189959 0.5135406
