0 -0.69185436 -0.6976406
31 -0.8585088 -0.07029744
21 -0.7256064 -0.31747755
19 -0.82472897 -0.20416054
17 -0.72507215 -0.5287577
13 -0.7729062 -0.20914212
12 -0.6873949 -0.5455591
11 -0.6615617 -0.5531454
10 -0.61722547 -1.0243415
8 -0.8718486 -0.06698917
7 -0.72417575 -0.4150406
6 -0.60908705 -1.1280665
5 -0.6080972 -1.2154175
4 -0.6325208 -1.0019559
3 -0.73654604 -0.5417341
2 -0.8123582 -0.18846656
1 -0.7747242 -0.40095407
30 -0.85156137 0.037425075
9 -0.8973498 0.111028925
32 -1.0324386 0.36267003
28 -0.7740682 -0.1845916
27 -0.9436583 0.25010347
16 -0.6067279 -1.290011
33 -0.9264314 0.20457974
14 -0.89578986 0.28574726
15 -0.8881351 0.15558757
18 -0.95002323 0.30010313
20 -0.92751473 0.25819322
22 -1.022107 0.5302358
23 -1.0397689 0.3395388
29 -0.95390975 0.48984608
25 -0.96190923 0.17032199
24 -0.9550169 0.12818591
26 -0.9802826 0.35340008
