0 0.5512944 -0.810179 -0.091196276
31 0.7761573 -0.2611177 0.59545183
21 0.31957036 -1.0044422 -0.08339156
19 0.39650658 -0.70194876 0.23017466
17 0.36892503 -0.865414 -0.041730933
13 0.3828683 -0.7306245 0.26380157
12 0.375212 -1.021005 -0.258452
11 0.60546756 -0.8139298 -0.25384766
10 0.99109876 -0.7114036 -0.48597693
8 0.3879303 -0.53212434 0.6363991
7 0.28308836 -0.9569733 0.051869307
6 1.0464077 -0.78596556 -0.6549357
5 1.1542867 -0.6448183 -0.59523106
4 1.066411 -0.5723814 -0.35120234
3 0.28641105 -0.8842903 0.119323485
2 0.36042464 -0.75822484 0.29046416
1 0.30975124 -0.8829157 0.1166229
30 0.2651388 -0.6470646 0.55697256
9 0.3072702 -0.5982694 0.55808604
32 0.22886321 -0.56499696 0.85413486
28 0.46125287 -0.46176362 0.61946434
27 0.61344886 -0.20137691 0.79857457
16 1.296758 -0.6312201 -0.7313881
33 0.43994692 -0.530096 0.6751493
14 0.43901327 -0.46953702 0.73234284
15 0.20553748 -0.5345395 0.85144854
18 0.24695887 -0.5923387 0.7181001
20 0.24373217 -0.5339363 0.7532633
22 0.21330245 -0.48200268 1.0101949
23 0.5907738 -0.39164048 0.6699337
29 0.45127124 -0.37259614 0.85359436
25 0.9889586 -0.06512522 0.6376185
24 1.069133 0.033830207 0.6710763
26 0.47845072 -0.32252145 0.7983008
