1.410524291992187500e+02 8.139299774169921875e+01
1.007864532470703125e+02 1.175174026489257812e+02
9.403899383544921875e+01 7.307421112060546875e+01
1.181060714721679688e+02 3.081906127929687500e+01
9.549652099609375000e+01 -8.360361480712890625e+01
7.242027282714843750e+01 3.110624122619628906e+01
4.599542236328125000e+01 1.014566345214843750e+02
4.346061706542968750e+01 5.763334655761718750e+01
9.776451110839843750e+00 8.041294097900390625e+01
-1.806941604614257812e+01 1.106758728027343750e+02
-1.077788391113281250e+02 -5.260691452026367188e+01
-1.256422882080078125e+02 -1.093703365325927734e+01
-2.967108917236328125e+01 -1.028000183105468750e+02
-7.344885253906250000e+01 -3.115880393981933594e+01
2.391843223571777344e+01 1.895933151245117188e+01
-3.507279396057128906e+00 4.439451980590820312e+01
-3.894491958618164062e+01 3.523471832275390625e+01
-3.915516662597656250e+01 7.279725646972656250e+01
2.248977661132812500e+01 -5.311929321289062500e+01
-1.166064300537109375e+02 4.143922805786132812e+01
-8.125579071044921875e+01 8.459213256835937500e+01
8.233712768554687500e+01 -1.723071479797363281e+01
-3.204161453247070312e+01 -2.811185455322265625e+01
4.206736087799072266e+00 -2.072813606262207031e+01
-1.265338706970214844e+01 -6.164622116088867188e+01
-7.492605590820312500e+01 4.241556167602539062e+01
-8.925352478027343750e+01 5.555617332458496094e+00
1.708506202697753906e+01 -9.603551483154296875e+01
4.095026779174804688e+01 -1.449457550048828125e+01
-1.523620986938476562e+01 7.154552936553955078e+00
-5.009968185424804688e+01 -6.230099868774414062e+01
5.975955200195312500e+01 -5.479676818847656250e+01
-7.842572784423828125e+01 -9.021600341796875000e+01
-5.269916152954101562e+01 1.564421892166137695e+00
