34 2
34 0.155132 -0.153369
1 -0.236811 -0.057298
33 -0.240347 0.122789
3 0.110009 -0.077615
2 0.154572 0.057289
4 0.184538 -0.235305
32 0.064862 -0.230411
14 0.168633 0.130841
24 0.245387 0.136833
9 -0.061677 -0.213318
30 -0.019694 0.119052
8 0.241200 -0.209694
7 0.219378 0.184216
28 -0.184319 0.002572
6 0.227655 -0.071596
20 -0.131439 -0.141749
11 -0.013790 -0.160799
29 -0.206665 -0.222594
5 -0.204010 -0.204258
26 -0.057995 0.184001
25 -0.171992 0.132058
31 -0.181358 0.099331
18 -0.099195 0.004967
22 0.021715 -0.076854
15 -0.060040 -0.130205
19 -0.248745 -0.046902
13 0.038427 0.103200
10 0.206944 0.161666
16 -0.173820 0.109276
17 -0.214699 -0.184715
23 0.016188 0.096524
21 0.054370 -0.125988
27 0.132109 -0.113822
12 -0.219069 0.013967
